Vainqueur: 456 -> 8888.879883 EUR
Perdant: 123 -> 5555.549805 EUR
